  2.0000000e+000  1.9988820e+000  3.4331380e+000  6.3284415e-001  2.3971677e+000  8.0782818e-001  4.1170105e+000  2.0243099e+000  1.8393316e+000  4.5984119e+000  3.5649363e+000
  2.0000000e+000  2.7132823e+000  3.8554072e+000  4.0320557e+000  4.4072046e+000  3.1740262e+000  3.6876067e+000  3.2309723e+000  2.8920014e+000  2.3860042e+000  2.5567391e+000
  2.0000000e+000  2.5992159e+000  3.2789725e+000  1.6786590e+000  8.1032288e-001  9.7648579e-001  3.1289977e+000  4.4465934e+000  2.1483847e+000  1.0338693e+000  3.1731441e+000
  2.0000000e+000  2.1371728e+000  4.5310944e+000  3.5280889e+000  4.9422187e+000  1.5091505e+000  4.8808229e-001  2.4496419e+000  1.3268464e+000  4.0426606e+000  1.9035213e+000
  2.0000000e+000  3.7400275e+000  2.4901624e+000  3.9576261e+000  3.5230790e+000  1.7338568e+000  5.5496800e+000  4.0950704e+000  2.5883688e+000  3.0505220e+000  4.7731206e+000
  1.0000000e+000  3.5609904e+000  4.3357941e+000  1.6996178e+000  3.4949986e+000  4.3875111e+000  2.9893207e+000  3.6020961e+000  4.5724806e+000  3.8476082e+000  1.9810345e+000
  2.0000000e+000  6.7047610e-002  4.3410570e+000  4.7930563e+000  4.0840120e+000  3.0772167e+000  2.7346284e+000  1.8602649e+000  3.0042091e+000  2.8328918e+000  2.9408155e+000
  1.0000000e+000  3.5492317e+000  5.2346734e+000  3.6950650e+000  2.9654097e+000  2.0893326e+000  2.9165224e+000  2.6424519e+000  2.5429100e+000  3.8234074e+000  2.5731873e+000
  2.0000000e+000  2.5248391e+000  4.7788204e+000  2.9470173e+000  2.7802945e+000  2.8792517e+000  2.3525907e+000  4.1505062e+000  5.8417608e+000  2.5646577e+000  2.6918386e+000
  2.0000000e+000  2.7271901e+000  3.1843424e+000  2.1105735e+000  3.2942041e+000  2.6911992e+000  4.1539463e+000  1.4510654e+000  2.1397718e+000  1.0664926e+000  3.0418142e+000
  2.0000000e+000  4.5489924e+000  2.8059020e+000  1.0471343e+000  3.4581182e+000  4.5823408e+000  1.4012472e+000  3.2670958e+000  1.9269132e+000  3.7602686e+000  3.3836059e+000
  2.0000000e+000  3.9843695e+000  3.2770536e+000  4.8775562e+000  3.2408486e+000  3.2301596e+000  6.1699911e-001  4.6766362e+000  2.5081707e+000  4.9988481e+000  3.2482264e+000
  2.0000000e+000  3.3960807e+000  3.5737680e+000  1.7913977e+000  3.0290080e+000  1.2772655e+000  3.1416430e+000  1.8139863e+000  3.9813325e+000  1.6963392e+000  4.4564423e+000
  2.0000000e+000  3.1186879e+000  2.8881979e+000  2.5047909e+000  3.3155984e+000  2.7831878e+000  4.0574693e+000  2.3125971e+000  1.1236333e+000  2.8275270e+000  1.8751510e+000
  2.0000000e+000  3.4261947e+000  3.5071315e+000  5.0247267e+000  5.2741166e+000  1.8772281e+000  1.3170217e+000  3.8663402e+000  3.9581548e+000  3.5095888e+000  1.9913881e+000
  2.0000000e+000  3.0681213e+000  3.7968472e+000  4.1779516e+000  1.8851769e+000  3.5641549e+000  1.5323048e+000  3.4573044e+000  2.5252565e+000  3.1225427e+000  3.1114357e+000
  2.0000000e+000  3.2752718e+000  3.7531293e+000  3.2117398e+000  3.7732162e+000  4.1827225e+000  1.3618917e+000  3.4148613e+000  4.3995779e+000  3.7852492e+000  3.8274493e+000
  1.0000000e+000  1.3981632e+000  2.2708564e+000  1.8582426e+000  4.0026004e+000  3.6107785e+000  3.4738375e+000  3.3589504e+000  3.4314443e+000  3.4035317e+000  3.3386208e+000
  2.0000000e+000  2.2836402e+000  1.1105762e+000  3.5228689e+000  1.6470858e+000  2.3567482e+000  1.1619140e+000  1.6451220e+000  2.6301933e+000  2.5884122e+000  3.8179474e+000
  2.0000000e+000  2.9486284e+000  2.6641109e+000  4.3117430e+000  2.7877594e+000  2.6394156e+000  4.3587945e+000  2.2695827e+000  4.6749640e+000  4.2453962e+000  3.6348185e+000
  2.0000000e+000  3.2794619e+000  1.8068032e+000  3.7028558e+000  3.2411682e+000  3.3990642e+000  5.3357393e-001  3.5231280e+000  3.2979538e+000  3.1163828e+000  1.3664448e+000
  2.0000000e+000  2.8178432e+000  4.5508043e+000  2.8109723e+000  3.3975831e+000  3.9545099e+000  4.5683580e+000  2.8622438e+000  3.3352841e+000  3.7654975e+000  2.6788779e+000
  1.0000000e+000  3.4371599e+000  2.7655134e+000  2.0387774e+000  3.5581069e+000  3.2620222e+000  2.2585778e+000  3.4334687e+000  2.0543350e+000  3.6294588e+000  4.1156444e+000
  1.0000000e+000  3.2359988e+000  2.7777674e+000  4.1261974e+000  3.6188426e+000  2.7291367e+000  3.3066098e+000  2.2382185e+000  1.1785979e+000  3.6702675e+000  2.2471115e+000
  2.0000000e+000  2.2332569e+000  4.0055109e+000  3.0725026e+000  4.0738221e+000  3.0158543e+000  1.9443214e+000  2.9131915e+000  4.1071682e+000  3.3724712e+000  3.1564411e+000
  2.0000000e+000  2.3946015e+000  3.4595236e+000  2.4107768e+000  3.1085717e+000  2.0512745e+000  4.1481928e+000  2.2706795e+000  4.7108531e+000  3.6170794e+000  2.1985881e+000
  1.0000000e+000  4.2624354e+000  3.1773921e+000  2.8903598e+000  1.7060681e+000  2.2207879e+000  3.5855308e+000  9.8408681e-001  2.2692835e+000  3.1648961e+000  3.9784608e+000
  2.0000000e+000  2.6723170e+000  3.6490522e+000  3.1587463e+000  1.4266220e+000  3.4734693e+000  6.2421644e+000  1.6953553e+000  2.9799972e+000  2.2709639e+000  3.0773300e+000
  2.0000000e+000  2.9595883e+000  3.7800792e+000  2.9070140e+000  4.2876826e+000  2.6656716e+000  5.5507212e-001  2.9393925e+000  2.9484007e+000  2.9729181e+000  1.9464954e+000
  1.0000000e+000  1.5121108e+000  4.2819863e+000  3.1100898e+000  4.0463933e+000  2.0156481e+000  3.3311128e+000  2.3149323e+000  5.4778242e+000  3.0372995e+000  3.6252013e+000
  2.0000000e+000  2.7157444e+000  2.5418397e+000  4.1579480e+000  2.4313876e+000  4.4509627e+000  4.0188072e+000  4.2853316e+000  3.4044963e+000  2.4834222e+000  1.9897398e+000
  2.0000000e+000  3.9277384e+000  4.7370448e+000  3.3576990e+000  4.9762318e+000  1.9460345e+000  4.0131904e+000  1.9776226e+000  3.4986074e+000  4.1885589e+000  3.5994227e+000
  1.0000000e+000  1.5263045e+000  4.7480666e+000  7.7822041e-001  4.0746965e+000  2.1521535e+000  2.2795758e+000  4.4306719e+000  4.7717029e+000  3.2927851e+000  2.7156479e+000
  2.0000000e+000  4.8358967e+000  3.6387783e+000  2.9975332e+000  1.0492390e+000  2.3464587e+000  4.5862814e+000  2.2493476e+000  2.5953724e+000  4.0451893e+000  7.3868525e-001
  2.0000000e+000  2.8718359e+000  2.9055407e+000  2.8477336e+000  3.5848209e+000  4.3318289e+000  2.5433151e+000  3.2072474e+000  2.9372837e+000  1.9966617e+000  3.1866404e+000
  2.0000000e+000  2.5663306e+000  3.1226999e+000  1.7582656e+000  2.6539728e+000  3.7311224e+000  3.0057190e+000  2.6207534e+000  3.0824827e+000  1.8249846e+000  3.0796547e+000
  2.0000000e+000  4.3548461e+000  1.7140770e+000  2.6640497e+000  3.9856159e+000  3.8458336e+000  4.7114687e-001  2.8327744e+000  3.0960904e+000  1.7995175e+000  4.6755578e-001
  2.0000000e+000  4.0099379e+000  2.8858879e+000  2.7413748e+000  2.0187084e+000  4.3632019e+000  4.3253022e+000  1.4367613e+000  2.5062884e+000  3.1207941e+000  3.3870032e+000
  2.0000000e+000  8.7387579e-001  4.1304141e+000  3.3199500e+000  2.5959192e+000  2.8922817e+000  2.6426284e+000  3.0168557e+000  3.9687219e+000  2.1408919e+000  4.5555617e+000
  2.0000000e+000  3.6895039e+000  2.8843892e+000  3.0130259e+000  2.8040507e+000  3.4491852e+000  1.7913547e+000  4.1316132e+000  2.0493093e+000  2.6128949e+000  1.2390520e+000
  1.0000000e+000  3.7015624e+000  1.7312659e+000  2.8554153e+000  2.3622660e+000  2.1621486e+000  3.3641115e+000  1.9457024e+000  3.5332168e+000  3.6776348e+000  3.0714167e+000
  1.0000000e+000  4.8776501e+000  2.4781558e+000  4.0773938e+000  3.4512997e+000  3.7453510e+000  2.8359862e+000  1.5735908e+000  3.5106974e+000  3.6547155e+000  1.5875623e+000
  2.0000000e+000  2.9895206e+000  4.4794304e+000  3.3929835e+000  7.1209253e-001  1.5283410e+000  3.6699093e+000  1.8682705e+000  1.6542532e+000  2.0612058e+000  3.9139416e+000
  1.0000000e+000  1.4178638e+000  3.1211052e+000  3.9026892e+000  3.1790573e+000  1.8513680e+000  2.8118552e+000  3.2384397e+000  2.8361849e+000  3.2697230e+000  3.2411291e+000
  2.0000000e+000  2.9720571e+000  3.2151454e+000  1.8965244e+000  4.0206808e+000  2.9709174e+000  3.4866348e+000  2.3313988e+000  2.1528668e+000  2.9431673e+000  3.1508835e+000
  2.0000000e+000  3.6681464e+000  2.8279474e+000  3.6863415e+000  3.4141575e+000  4.5043979e+000  3.6671833e+000  5.1911173e+000  3.7444964e+000  1.8805238e+000  3.4120937e+000
  2.0000000e+000  2.8315374e+000  2.6458962e+000  3.2987431e+000  4.0667582e+000  3.9408074e+000  5.1032981e+000  2.5523687e+000  3.3751733e+000  4.1233220e+000  3.4544366e+000
  2.0000000e+000  3.3589551e+000  3.0080266e+000  2.8027405e+000  2.2224225e+000  2.9696459e+000  2.0760127e+000  3.9374207e+000  2.0583801e+000  3.9421493e+000  3.9758304e+000
  2.0000000e+000  4.1065091e+000  1.9686864e+000  3.8196514e+000  4.0076173e+000  2.6702349e+000  2.9311635e+000  1.3627044e+000  1.9952403e+000  1.5533837e+000  3.5654262e+000
  2.0000000e+000  3.0925925e+000  2.5598673e+000  4.6250053e+000  2.2208093e+000  2.1523418e+000  5.0018115e+000  3.7626653e+000  3.8507156e+000  2.2866285e+000  4.6139779e+000
  1.0000000e+000  3.5163771e+000  3.3879141e+000  2.6424589e+000  2.6076136e+000  3.9176734e+000  3.0155131e+000  3.9520241e+000  1.7947829e+000  3.1400113e+000  1.9886536e+000
  2.0000000e+000  1.7903962e+000  2.6277534e+000  5.1184732e+000  2.6496181e+000  4.9257365e-001  2.7156798e+000  1.8649026e+000  3.0843650e+000  4.0733603e+000  2.2057793e+000
  2.0000000e+000  5.5471021e+000  2.1183348e+000  1.3421575e+000  3.5609619e+000  4.4722159e+000  2.1804459e+000  3.7382119e+000  3.3948995e+000  3.6155225e+000  1.7459449e+000
  1.0000000e+000  2.5691293e+000  3.4021912e+000  2.5107600e+000  3.4162374e+000  2.1962091e+000  2.4013444e+000  4.9778905e+000  4.3221242e+000  3.3476412e+000  4.9360900e+000
  2.0000000e+000  1.8306833e+000  3.0132515e+000  1.9731625e+000  2.8163915e+000  2.9972519e+000  3.8222152e+000  1.9951518e+000  3.7523821e+000  1.5802698e+000  3.0014677e+000
  2.0000000e+000  6.8623659e-001  2.2959273e+000  4.1792172e+000  4.9994577e+000  2.5820563e+000  2.8494719e+000  3.1433701e+000  3.4768456e+000  3.2117557e+000  2.3947535e+000
  2.0000000e+000  3.7021220e+000  2.9360970e+000  1.3594011e+000  1.7455626e+000  1.9074497e+000  4.5130218e+000  1.9025264e+000  4.3949956e+000  2.5366298e+000  2.5242190e+000
  2.0000000e+000  2.1491213e+000  3.0524913e+000  3.9302526e+000  2.0872985e+000  3.4754267e+000  2.7722257e+000  2.2250498e+000  3.8051928e+000  2.8761132e+000  4.2582986e+000
  2.0000000e+000  2.3335788e+000  2.6387671e+000  2.8176877e+000  2.9531649e+000  2.8057958e+000  2.2033366e+000  3.3259590e+000  5.9502935e-001  2.9373165e+000  3.5485287e+000
  2.0000000e+000  2.7476975e+000  4.5084853e+000  1.5401821e+000 -5.7756693e-001  2.7986980e+000  3.6939133e+000  1.6781242e+000  2.1313154e+000  1.7271709e+000  3.3813532e+000
  2.0000000e+000  3.6502845e+000  2.8041064e+000  3.5171899e+000  3.5654566e+000  2.7785941e+000  5.2499818e+000  1.7423593e+000  2.6431651e+000  2.7533489e+000  2.3817491e+000
  2.0000000e+000  4.4461896e+000  1.9083959e+000  2.0942683e+000  3.2535306e+000  2.0657078e+000  4.1203472e+000  3.2828484e+000  3.1386555e+000  3.0187439e+000  2.3795421e+000
  2.0000000e+000  2.9648068e+000  3.7433549e+000  2.3667496e+000  3.4679185e+000  1.9907297e+000  2.9382351e+000  3.4042449e+000  2.0234099e+000  1.6727606e+000  2.3767249e+000
  2.0000000e+000  4.0433271e+000  3.2550158e+000  3.0357158e+000  4.6863424e+000  2.3269750e+000  1.6182131e+000  2.7027253e+000  4.4482895e+000  1.3426143e+000  2.5788083e+000
  2.0000000e+000  3.4367793e+000  3.5566218e+000  3.5100348e+000  1.1364716e+000  7.6777016e-001  2.9095728e+000  3.1932266e+000  2.8868512e+000  2.9442060e+000  3.5441255e+000
  2.0000000e+000  4.5694278e+000  3.2278811e+000  5.1906884e-001  3.8153717e+000  1.2827408e+000  2.1689181e+000  1.3879190e+000  2.9028422e+000  2.1134782e+000  1.7163953e+000
  1.0000000e+000  3.5050308e+000  2.5439750e+000  3.7802964e+000  1.9198653e+000  2.0838819e+000  2.9898477e+000  1.8281630e+000  2.0846710e+000  3.9539669e+000  2.3692693e+000
  1.0000000e+000  3.8785026e+000  3.3611994e+000  1.8717881e+000  2.6426939e+000  4.5481063e+000  3.3284685e+000  2.8795932e+000  3.5991808e+000  3.1186097e+000  2.1401903e+000
  2.0000000e+000  2.9665699e+000  3.2872826e+000  1.8183338e+000  2.9932629e+000  5.1574963e-001  3.0122492e+000  2.8207039e+000  2.8305819e+000  1.9531557e+000  2.0127987e-001
  2.0000000e+000  3.2607904e+000  2.4580081e+000  3.2720958e+000  3.4927041e+000  2.1218387e+000  3.6482869e+000  3.9720125e+000  2.5053027e+000  4.8093117e+000  4.2576514e+000
  1.0000000e+000  2.5826866e+000  4.5955346e+000  2.5781993e+000  4.0383234e+000  4.3251166e+000  2.8419378e+000  2.6021305e+000  8.3269586e-001  3.3340866e+000  2.8231393e+000
  2.0000000e+000  2.8996663e+000  3.3064404e+000  2.3178783e+000  3.3268429e+000  2.4825782e+000  2.0397972e+000  3.3916958e+000  4.7006405e+000  3.4438901e+000  5.9971277e+000
  1.0000000e+000  2.9861746e+000  3.0829158e+000  3.3228467e+000  2.0883724e+000  3.9326638e+000  2.9861897e+000  3.1072197e+000  3.8348926e+000  3.8284606e+000  3.6273796e+000
  2.0000000e+000  2.3466413e+000  2.3840996e+000  3.5865814e+000  3.8114030e+000  2.5824407e+000  4.5196456e+000  5.7021564e-001  4.0573095e+000  4.2335840e+000  2.7587201e+000
  1.0000000e+000  2.3998980e+000  4.5521194e+000  1.3746914e+000  3.2007639e+000  2.8839188e+000  3.1898573e+000  2.5594869e+000  2.5679193e+000  3.4499446e+000  4.7867117e+000
  1.0000000e+000  3.8548324e+000  2.3788554e+000  3.8576924e+000  2.1738218e+000  3.6326704e+000  3.7612405e+000  4.2244188e+000  1.2048837e+000  3.5171001e+000  4.4866125e+000
  1.0000000e+000  4.1084622e+000  3.0466896e+000  1.3880900e+000  1.6945533e+000  1.0294822e+000  3.2119178e+000  3.6625576e+000  4.0854567e+000  3.8784585e+000  3.3779406e+000
  2.0000000e+000  2.7589379e+000  3.3260048e+000  1.8141037e+000  4.5515623e+000  2.8486422e+000  4.0466108e+000  4.9978126e+000  1.6995539e+000  1.5175030e+000  3.0924673e+000
  1.0000000e+000  2.1865325e+000  3.2571552e+000  3.1563654e+000  5.0771634e+000  4.4981492e+000  3.1491182e+000  2.7412193e+000  1.1470692e+000  3.4736995e+000  3.7654694e+000
  2.0000000e+000  3.9913395e+000  1.4097339e+000  2.1704749e+000  1.5770330e+000  3.2911788e+000  4.6006630e+000  2.3282230e+000  5.5065608e+000  2.1280513e+000  3.2625787e+000
  2.0000000e+000  3.2565684e+000  5.7520983e+000  1.3093438e+000  2.7375810e+000  3.9470203e+000  3.3983168e+000  3.3552390e+000  4.0950105e+000  1.0196966e+000  1.8377604e+000
  2.0000000e+000  3.1745771e+000  3.0680896e+000  1.7338834e+000  1.8069214e+000  2.5670072e+000  2.0541084e+000  4.3108503e+000  3.8230793e+000  4.4055500e+000  1.2356848e+000
  2.0000000e+000  1.9542077e+000  2.7075205e+000  2.9290042e+000  4.2696628e+000  4.5267185e+000  1.8202034e+000  2.7199742e+000  3.2345655e+000  2.9114573e+000  2.0190072e+000
  2.0000000e+000  2.0606008e+000  4.0914438e+000  2.2362315e+000  4.2493313e+000  3.3460993e+000  4.1680372e+000  3.9211801e+000  2.5607956e+000  1.7754666e+000  3.2257417e+000
  2.0000000e+000  1.8374838e+000  2.5430513e+000  2.8554492e+000  3.5414844e+000  3.5583953e+000  3.5782255e+000  3.0619516e+000  4.2254656e+000  4.2654967e+000  2.5994300e+000
  2.0000000e+000  3.1273083e+000  3.2012662e+000  4.1350690e+000  2.9957838e+000  2.6944919e+000  2.3871129e+000  2.8237536e+000  2.7456542e+000  1.6760110e+000  3.0333199e+000
  1.0000000e+000  4.3543799e+000  4.9881849e+000  4.9437834e+000  2.8524358e+000  3.7336098e+000  2.7390753e+000  4.3441631e+000  3.8482678e+000  3.6345132e+000  3.1455870e+000
  2.0000000e+000  3.6318517e+000  4.7371132e+000  2.8042270e+000  3.7244259e+000  3.6452648e+000  2.7198383e+000  3.6199627e+000  3.2958500e+000  2.5766075e+000  4.3672244e+000
  2.0000000e+000  3.3835543e+000  2.2668904e+000  3.5979279e+000  2.2120161e+000  1.4459115e+000  3.3195894e+000  1.7060450e+000  2.3651139e+000  2.3747685e+000  2.0349193e+000
  2.0000000e+000  5.9767024e-001  4.5119637e+000  2.0356919e+000  2.7506379e+000  3.3764387e-001  3.5160578e+000  1.4746915e+000  2.1660661e+000  3.2714580e+000  2.6649522e+000
  2.0000000e+000  2.8761161e+000  4.4840330e+000  1.4361675e+000  7.2868348e-001  3.2884378e+000  2.9746835e+000  5.5279693e+000  3.0510913e+000  1.3499861e+000  3.4441559e+000
  2.0000000e+000  2.4138730e+000  2.4769268e+000  2.9332885e+000  2.8858739e+000  3.8403864e+000  4.1725807e+000  4.3902565e+000  1.9554847e+000  3.6593972e+000  8.2070265e-001
  2.0000000e+000  4.4178708e+000  3.6228352e+000  3.2345128e+000  4.5371685e+000  1.6428369e+000  2.2989376e+000  2.8951754e+000  3.6230029e+000  4.3918674e+000  4.4405679e+000
  2.0000000e+000  2.8308269e+000  3.9436691e+000  3.2186963e+000  3.3027663e+000  3.8516643e+000  1.2348635e+000  2.6249766e+000  3.0468486e+000  2.8764856e+000  3.1905084e+000
  2.0000000e+000  2.8492975e+000  2.5019969e+000  4.2459732e+000  3.8836646e+000  2.4252019e+000  2.7153224e+000  3.8023944e+000  3.2992226e+000  1.6061795e+000  4.0030683e+000
  2.0000000e+000  3.6808543e+000  3.6133112e+000  2.4540933e+000  1.8889998e+000  5.1116425e-001  3.7806501e+000  2.2513204e+000  3.1026403e+000  2.0561301e+000  2.3375582e+000
  2.0000000e+000  3.3728942e+000  1.8893665e+000  2.0630603e+000  3.4579469e+000  2.2012323e+000  2.0481063e+000  1.9954506e+000 -3.6944921e-002  3.3433377e+000  4.8839384e-001
  2.0000000e+000  3.2748675e+000  3.1004166e+000  3.1050056e+000  1.0968938e+000  2.7007079e+000  3.9486167e+000  3.5330082e+000  4.6651990e+000  3.6933898e+000  3.7159408e+000
  2.0000000e+000  3.2247824e+000  2.4773292e+000  3.4001924e+000  2.5952991e+000  3.2284933e+000  3.7156046e+000  3.3309066e+000  3.8250031e+000  3.8810599e+000  1.0688096e+000
  2.0000000e+000  2.0802910e+000  3.5780292e+000  4.0502864e+000  3.6275146e+000  2.9196708e+000  4.0702525e+000  2.6331759e+000  3.0907141e+000  2.2448898e+000  3.0403980e+000
